20 20 5
46 9 24 61 1 41 96 86 66 73 14 93 60 54 35 99 65 65 19 51
92 62 9 55 2 61 21 41 10 24 19 57 65 30 62 81 33 18 3 86
61 59 73 79 71 38 81 40 27 85 55 21 62 90 66 90 62 31 79 10
23 54 36 100 43 81 92 71 20 83 5 61 85 44 9 4 54 35 52 97
90 12 46 25 34 36 25 64 82 96 78 90 30 36 1 51 17 2 27 85
74 43 79 31 22 17 2 87 53 73 68 50 96 12 68 67 11 57 54 64
100 76 43 25 54 50 91 88 61 39 36 25 11 78 80 43 13 66 32 15
51 37 3 55 14 2 85 21 89 63 16 46 89 89 95 64 8 43 1 39
30 58 20 66 13 6 68 19 76 67 98 23 67 6 65 94 8 72 22 2
84 89 17 54 44 76 94 29 8 58 55 100 100 32 11 62 65 23 48 50
69 99 49 62 56 69 6 24 80 91 4 63 11 51 1 77 11 25 60 41
76 37 67 40 64 71 33 9 38 3 60 96 9 55 4 33 4 28 4 13
32 54 15 50 24 27 58 57 48 34 80 54 73 6 35 47 20 50 61 84
72 66 31 85 98 99 3 79 96 20 26 35 74 51 28 53 10 26 82 5
28 98 92 66 26 78 95 2 57 21 36 50 49 81 30 27 55 28 82 74
48 57 39 81 17 3 95 73 53 44 60 51 55 41 74 32 32 91 97 27
78 21 80 87 16 97 88 60 100 58 27 33 76 78 18 59 27 10 70 77
74 12 85 61 98 55 24 7 17 65 70 68 9 38 54 4 48 68 67 9
94 47 79 6 71 16 15 25 44 56 36 80 90 24 45 61 14 84 90 84
88 33 59 48 56 44 58 39 92 19 60 39 36 75 97 38 50 6 4 36
7 9 9 14
2 3 15 19
5 7 10 15
6 9 7 8
3 8 14 19